$stats
           [,1]       [,2]
[1,] 0.08467724 0.09431091
[2,] 0.32169995 0.63714702
[3,] 0.56907424 0.87625917
[4,] 0.92169130 1.13097834
[5,] 1.80246582 1.77819113

$n
[1] 275 375

$conf
          [,1]      [,2]
[1,] 0.5119085 0.8359671
[2,] 0.6262400 0.9165513

$out
 [1] 1.964152 2.183700 2.789400 2.614978 1.904790 2.114710 1.847053 2.940100 1.882443 9.999995 2.111998
[12] 2.112596 2.567043 2.050500 1.900779 2.183944 2.353926 1.995578 5.636998

$group
 [1] 1 1 1 1 1 1 1 1 2 2 2 2 2 2 2 2 2 2 2

$names
[1] "Dry"    "Fleshy"

