$stats
             [,1]       [,2]
[1,] 0.0007745965 0.01197433
[2,] 0.1140051491 0.30720001
[3,] 0.2962392861 0.64200161
[4,] 0.5677027206 1.02416809
[5,] 1.2292996636 2.07591419

$n
[1] 176 488

$conf
          [,1]      [,2]
[1,] 0.2422053 0.5907217
[2,] 0.3502733 0.6932815

$out
 [1] 1.731307 1.282640 1.385368 1.312300 1.385220 1.507101 1.558000 1.434201 1.449000 1.327861 1.664400
[12] 2.381900 2.536993 2.713373 2.103422 2.809365 2.458501

$group
 [1] 1 1 1 1 1 1 1 1 1 1 1 2 2 2 2 2 2

$names
[1] "Dry"    "Fleshy"

